1.0000	2.7061772e-01	6.3264036e-02
2.0001	2.6571516e-01	4.1776836e-02
3.0001	1.4238048e-01	1.9381176e-02
4.0002	6.7349082e-02	9.7362691e-03
5.0002	5.3063719e-02	7.5939315e-03
6.0002	3.5164350e-02	4.6808488e-03
7.0003	2.1159949e-02	2.7591064e-03
8.0003	1.7821115e-02	2.3402671e-03
9.0004	1.0936839e-02	1.3596742e-03
10.0004	8.4072579e-03	1.1914279e-03
11.0004	5.5699804e-03	7.9912322e-04
12.0005	4.4463554e-03	6.9803888e-04
13.0006	3.1694839e-03	5.0744421e-04
14.0006	2.3637368e-03	3.6801674e-04
15.0006	1.7993986e-03	2.9176671e-04
16.0006	1.4137150e-03	2.3197405e-04
17.0007	1.0646711e-03	1.8173545e-04
18.0007	8.4212671e-04	1.4686876e-04
19.0008	6.0678629e-04	1.0931678e-04
20.0008	5.0562997e-04	9.3085614e-05
21.0009	3.6868869e-04	7.0067573e-05
22.0009	3.1615274e-04	6.1336389e-05
23.0009	2.3608255e-04	4.7196825e-05
24.0010	1.9313246e-04	3.9346355e-05
25.0010	1.5032118e-04	3.1153671e-05
26.0011	1.2133445e-04	2.5729386e-05
27.0011	9.6958530e-05	2.1063089e-05
28.0012	7.6711183e-05	1.6991838e-05
29.0012	6.6051365e-05	1.4954547e-05
30.0012	4.9585547e-05	1.1460394e-05
31.0012	4.0384191e-05	9.5194471e-06
32.0013	3.3229423e-05	8.0302665e-06
33.0013	2.7899364e-05	6.8635076e-06
34.0014	2.2342244e-05	5.5911229e-06
35.0015	1.7416304e-05	4.4464478e-06
36.0015	1.5038692e-05	3.9276547e-06
37.0015	1.2122953e-05	3.2341696e-06
38.0015	9.7998725e-06	2.6629665e-06
39.0016	8.1223779e-06	2.2498904e-06
40.0016	6.7233393e-06	1.8952180e-06
41.0017	5.5615431e-06	1.5977598e-06
42.0017	4.4630876e-06	1.3048963e-06
43.0018	3.7658642e-06	1.1222721e-06
44.0018	3.1047924e-06	9.4363472e-07
45.0018	2.5729709e-06	7.9722194e-07
46.0018	2.1004586e-06	6.6241202e-07
47.0019	1.7097517e-06	5.4836116e-07
48.0020	1.4928808e-06	4.8859059e-07
49.0020	1.1984529e-06	3.9925349e-07
50.0021	1.0147755e-06	3.4442966e-07
51.0021	8.2429944e-07	2.8470504e-07
52.0021	6.9156202e-07	2.4313740e-07
53.0021	5.8264613e-07	2.0880660e-07
54.0022	4.7633305e-07	1.7365313e-07
55.0022	3.9313657e-07	1.4581263e-07
56.0023	3.3597330e-07	1.2671088e-07
57.0023	2.7930434e-07	1.0729899e-07
58.0024	2.3065084e-07	9.0122352e-08
59.0024	1.9214495e-07	7.6320929e-08
60.0024	1.6214124e-07	6.5594483e-08
61.0025	1.3436544e-07	5.5215716e-08
62.0025	1.1134070e-07	4.6521504e-08
63.0026	9.4435028e-08	4.0110243e-08
64.0026	7.8179874e-08	3.3765399e-08
65.0027	6.6680897e-08	2.9256285e-08
66.0027	5.4333659e-08	2.4234058e-08
67.0027	4.6013138e-08	2.0834322e-08
68.0027	3.8898813e-08	1.7899628e-08
69.0028	3.2118510e-08	1.5026683e-08
70.0029	2.6482032e-08	1.2575019e-08
71.0029	2.2317145e-08	1.0754352e-08
72.0030	1.9290350e-08	9.4491382e-09
73.0030	1.5707478e-08	7.8100927e-09
74.0030	1.3424896e-08	6.7797157e-09
75.0030	1.0780563e-08	5.5229518e-09
76.0031	9.5232688e-09	4.9545910e-09
77.0031	7.7126717e-09	4.0770635e-09
78.0032	6.5455373e-09	3.5081743e-09
79.0032	5.3660688e-09	2.9198569e-09
80.0033	4.6710195e-09	2.5766720e-09
81.0033	3.7868080e-09	2.1214161e-09
82.0033	3.2468884e-09	1.8446695e-09
83.0034	2.6632413e-09	1.5343087e-09
84.0034	2.2614471e-09	1.3205383e-09
85.0035	1.8945437e-09	1.1219925e-09
86.0035	1.5694586e-09	9.4137425e-10
87.0036	1.3287094e-09	8.0890028e-10
88.0036	1.1305301e-09	6.9655741e-10
89.0036	9.2628915e-10	5.7835636e-10
90.0036	7.7543723e-10	4.9017826e-10
91.0037	6.5004046e-10	4.1631858e-10
92.0037	5.4696463e-10	3.5479553e-10
93.0038	4.5828564e-10	3.0077337e-10
94.0039	3.8197890e-10	2.5382915e-10
95.0039	3.2254960e-10	2.1674850e-10
96.0039	2.6751767e-10	1.8202194e-10
97.0039	2.2740419e-10	1.5646691e-10
98.0040	1.8820734e-10	1.3108865e-10
99.0040	1.5764880e-10	1.1107306e-10
100.0037	1.3226499e-10	9.4219112e-11
101.0037	1.0992562e-10	7.9199668e-11
102.0038	9.1864825e-11	6.6949731e-11
103.0038	7.7145600e-11	5.6881104e-11
104.0038	6.5246782e-11	4.8694595e-11
105.0039	5.3543946e-11	4.0404498e-11
106.0039	4.5114105e-11	3.4456665e-11
107.0039	3.8174825e-11	2.9513562e-11
108.0039	3.1145697e-11	2.4402317e-11
109.0040	2.6539378e-11	2.1039112e-11
110.0040	2.2196526e-11	1.7830717e-11
111.0050	1.8603562e-11	1.5152450e-11
112.0050	1.5518339e-11	1.2812312e-11
113.0051	1.2916332e-11	1.0822984e-11
114.0051	1.0909223e-11	9.2681371e-12
115.0051	9.1717955e-12	7.9172196e-12
116.0051	7.6074579e-12	6.6669264e-12
117.0052	6.4341246e-12	5.7288567e-12
118.0052	5.3736731e-12	4.8676704e-12
119.0052	4.5656682e-12	4.2059840e-12
120.0053	3.8371291e-12	3.5989800e-12
121.0053	3.1977168e-12	3.0497073e-12
122.0053	2.7124730e-12	2.6361830e-12
123.0053	2.3143448e-12	2.2918681e-12
124.0054	1.9714177e-12	1.9883185e-12
125.0054	1.6700922e-12	1.7165442e-12
126.0054	1.4226560e-12	1.4876853e-12
127.0054	1.2299096e-12	1.3101678e-12
