3  4  4  3  
1  5  
32 -4.42973091231794171563e+01
36 -7.70256634401236226495e+01
40 -1.79023947645105096171e+02
44 -2.20780823407125410540e+02
48 -1.51451116624239233488e+02
52 -1.31552110859578021973e+02
56 -5.31429792186767002704e+01
64 -8.81880270728811836989e+01
80 -6.21857035540349087910e+01
84 -8.57119490681870104254e+01
88 -1.65870602108610654568e+02
92 -2.06625136974882281038e+02
96 -1.49752131248865055113e+02
100 -1.53364276364866867652e+02
104 -7.96355663781606182283e+01
112 -9.94001298927426404362e+01
128 -3.79788992276056305286e+01
132 -6.86786543881840003678e+01
136 -2.06169609004951894349e+02
140 -2.09934983850564435670e+02
144 -1.39554664394133709493e+02
148 -1.26481684461964832167e+02
152 -6.54561422756553525915e+01
160 -1.03485237098966905478e+02
164 -4.67705600000000032423e+00
176 -3.38361505657853243179e+01
180 -7.24207438976183652812e+01
184 -2.09561174314072587777e+02
188 -2.24777530005140704361e+02
192 -1.67634839147911492319e+02
196 -1.44314679106374683215e+02
200 -7.54094479321829282981e+01
208 -7.66674873933346532340e+01
212 -3.68923999999999985278e+00
224 -4.15014727135229932742e+01
228 -8.65359111436531094341e+01
232 -1.38780826494194855059e+02
236 -1.46453722294479973698e+02
240 -1.63773414818985230568e+02
244 -1.31922514856565982200e+02
248 -5.34599322868712860668e+01
256 -9.88116931381529894907e+01
