  -1.0000000000000000E+000  +6.6106891077178822E-030
  -9.9969881869620425E-001  +4.5647058886937453E-007
  -9.9879545620517241E-001  +7.2315510361363513E-006
  -9.9729045667869021E-001  +3.6043164956028688E-005
  -9.9518472667219682E-001  +1.1166226000416609E-004
  -9.9247953459870997E-001  +2.6620923789746063E-004
  -9.8917650996478101E-001  +5.3655861050932660E-004
  -9.8527764238894122E-001  +9.5894341162210508E-004
  -9.8078528040323043E-001  +1.5583539993152154E-003
  -9.7570213003852846E-001  +2.3335130113650822E-003
  -9.7003125319454397E-001  +3.2449222255365503E-003
  -9.6377606579543984E-001  +4.2166435085924476E-003
  -9.5694033573220882E-001  +5.1550673903089086E-003
  -9.4952818059303667E-001  +5.9753400001991749E-003
  -9.4154406518302070E-001  +6.6213171016613458E-003
  -9.3299279883473885E-001  +7.0715059933698608E-003
  -9.2387953251128674E-001  +7.3331565695171430E-003
  -9.1420975570353069E-001  +7.4313252664869158E-003
  -9.0398929312344334E-001  +7.3986163681407091E-003
  -8.9322430119551521E-001  +7.2681530812090424E-003
  -8.8192126434835494E-001  +7.0698208298987496E-003
  -8.7008699110871135E-001  +6.8287241255916044E-003
  -8.5772861000027201E-001  +6.5647833195774125E-003
  -8.4485356524970712E-001  +6.2927817823610916E-003
  -8.3146961230254535E-001  +6.0227763317564458E-003
  -8.1758481315158360E-001  +5.7611282074076786E-003
  -8.0320753148064483E-001  +5.5114956553729503E-003
  -7.8834642762660623E-001  +5.2753885201088030E-003
  -7.7301045336273699E-001  +5.0528923240213339E-003
  -7.5720884650648457E-001  +4.8436637761743190E-003
  -7.4095112535495888E-001  +4.6471490900456460E-003
  -7.2424708295146678E-001  +4.4624537190405553E-003
  -7.0710678118654746E-001  +4.2882409370218460E-003
  -6.8954054473706694E-001  +4.1232237279532928E-003
  -6.7155895484701844E-001  +3.9664318861604361E-003
  -6.5317284295377653E-001  +3.8167562285576890E-003
  -6.3439328416364538E-001  +3.6731698937382158E-003
  -6.1523159058062671E-001  +3.5348940074836728E-003
  -5.9569930449243336E-001  +3.4015626900985581E-003
  -5.7580819141784534E-001  +3.2728826423959662E-003
  -5.5557023301960196E-001  +3.1482995668056673E-003
  -5.3499761988709704E-001  +3.0274553747361129E-003
  -5.1410274419322166E-001  +2.9102340242817010E-003
  -4.9289819222978398E-001  +2.7962156404800166E-003
  -4.7139673682599770E-001  +2.6848318845977726E-003
  -4.4961132965460671E-001  +2.5757967186292989E-003
  -4.2755509343028186E-001  +2.4690070245171158E-003
  -4.0524131400498975E-001  +2.3643520232940031E-003
  -3.8268343236508973E-001  +2.2617922773620035E-003
  -3.5989503653498817E-001  +2.1614311016919375E-003
  -3.3688985339221994E-001  +2.0634811663830023E-003
  -3.1368174039889141E-001  +1.9682927648080957E-003
  -2.9028467725446216E-001  +1.8763826017037795E-003
  -2.6671275747489831E-001  +1.7883389299000524E-003
  -2.4298017990326387E-001  +1.7049299986053560E-003
  -2.1910124015686966E-001  +1.6268759583460239E-003
  -1.9509032201612819E-001  +1.5545620618517141E-003
  -1.7096188876030124E-001  +1.4882587040557969E-003
  -1.4673047445536164E-001  +1.4285614890866690E-003
  -1.2241067519921615E-001  +1.3764207759057998E-003
  -9.8017140329560645E-002  +1.3328024210901746E-003
  -7.3564563599667329E-002  +1.2985864063841154E-003
  -4.9067674327418008E-002  +1.2744383701331745E-003
  -2.4541228522912142E-002  +1.2606074446821817E-003
  +6.1232339957367660E-017  +1.2571018325237958E-003
  +2.4541228522912264E-002  +1.2637354679303520E-003
  +4.9067674327418126E-002  +1.2801872046161067E-003
  +7.3564563599667454E-002  +1.3061152062097548E-003
  +9.8017140329560770E-002  +1.3411755536008492E-003
  +1.2241067519921628E-001  +1.3848787614003408E-003
  +1.4673047445536175E-001  +1.4365681565659850E-003
  +1.7096188876030136E-001  +1.4956200818690732E-003
  +1.9509032201612833E-001  +1.5614598047256618E-003
  +2.1910124015686977E-001  +1.6334495440163176E-003
  +2.4298017990326398E-001  +1.7108935350984541E-003
  +2.6671275747489842E-001  +1.7931513134883752E-003
  +2.9028467725446233E-001  +1.8796311013132370E-003
  +3.1368174039889157E-001  +1.9697873894303939E-003
  +3.3688985339222005E-001  +2.0631509413975464E-003
  +3.5989503653498828E-001  +2.1593079286216120E-003
  +3.8268343236508984E-001  +2.2580853088458369E-003
  +4.0524131400498986E-001  +2.3595436142614125E-003
  +4.2755509343028220E-001  +2.4637356030731846E-003
  +4.4961132965460660E-001  +2.5705677542027126E-003
  +4.7139673682599781E-001  +2.6799980411149182E-003
  +4.9289819222978409E-001  +2.7921252499082212E-003
  +5.1410274419322166E-001  +2.9070549874187224E-003
  +5.3499761988709726E-001  +3.0248412147459774E-003
  +5.5557023301960229E-001  +3.1456971470672159E-003
  +5.7580819141784534E-001  +3.2700098818737103E-003
  +5.9569930449243347E-001  +3.3983663776550187E-003
  +6.1523159058062682E-001  +3.5313026715453220E-003
  +6.3439328416364549E-001  +3.6691783039639100E-003
  +6.5317284295377676E-001  +3.8126773360540886E-003
  +6.7155895484701833E-001  +3.9629236376434321E-003
  +6.8954054473706694E-001  +4.1208599107397546E-003
  +7.0710678118654757E-001  +4.2869744477178808E-003
  +7.2424708295146700E-001  +4.4618396791927337E-003
  +7.4095112535495911E-001  +4.6463184190819904E-003
  +7.5720884650648457E-001  +4.8413557364741233E-003
  +7.7301045336273699E-001  +5.0481727873801802E-003
  +7.8834642762660634E-001  +5.2682735254608488E-003
  +8.0320753148064494E-001  +5.5028012381251592E-003
  +8.1758481315158371E-001  +5.7517593676317926E-003
  +8.3146961230254524E-001  +6.0134577298607663E-003
  +8.4485356524970712E-001  +6.2840792114787535E-003
  +8.5772861000027212E-001  +6.5573197508571358E-003
  +8.7008699110871146E-001  +6.8233065972969353E-003
  +8.8192126434835505E-001  +7.0674303903096817E-003
  +8.9322430119551532E-001  +7.2697737583111563E-003
  +9.0398929312344334E-001  +7.4049366260678659E-003
  +9.1420975570353069E-001  +7.4424631633607848E-003
  +9.2387953251128674E-001  +7.3485014402183621E-003
  +9.3299279883473896E-001  +7.0897443595186547E-003
  +9.4154406518302081E-001  +6.6406976759196164E-003
  +9.4952818059303667E-001  +5.9940685980552459E-003
  +9.5694033573220882E-001  +5.1717196732997597E-003
  +9.6377606579543984E-001  +4.2304493288081958E-003
  +9.7003125319454397E-001  +3.2557469480014424E-003
  +9.7570213003852857E-001  +2.3415820175495014E-003
  +9.8078528040323043E-001  +1.5640076712841275E-003
  +9.8527764238894122E-001  +9.6258476727462930E-004
  +9.8917650996478101E-001  +5.3866363681558582E-004
  +9.9247953459870997E-001  +2.6727269401984603E-004
  +9.9518472667219693E-001  +1.1211169624788221E-004
  +9.9729045667869021E-001  +3.6188502375417538E-005
  +9.9879545620517241E-001  +7.2606991376285462E-006
  +9.9969881869620425E-001  +4.5830901382767935E-007
  +1.0000000000000000E+000  +6.6119803613860664E-030
