  -1.0000000000000000E+000  +3.9226045617680821E-017
  -9.9969881869620425E-001  +2.2914233865307982E-003
  -9.9879545620517241E-001  +9.1601622044493961E-003
  -9.9729045667869021E-001  +2.0589294561395775E-002
  -9.9518472667219682E-001  +3.6548102835432320E-002
  -9.9247953459870997E-001  +5.6983170273752402E-002
  -9.8917650996478101E-001  +8.1795665351745372E-002
  -9.8527764238894122E-001  +1.1079704979357280E-001
  -9.8078528040323043E-001  +1.4364238350886641E-001
  -9.7570213003852846E-001  +1.7975797282170278E-001
  -9.7003125319454397E-001  +2.1830036162269420E-001
  -9.6377606579543984E-001  +2.5818638604024485E-001
  -9.5694033573220882E-001  +2.9820603811744822E-001
  -9.4952818059303667E-001  +3.3718620799494570E-001
  -9.4154406518302070E-001  +3.7414666235967209E-001
  -9.3299279883473885E-001  +4.0839791930202923E-001
  -9.2387953251128674E-001  +4.3956313658436841E-001
  -9.1420975570353069E-001  +4.6753837307384066E-001
  -9.0398929312344334E-001  +4.9242126823197846E-001
  -8.9322430119551521E-001  +5.1443602223638829E-001
  -8.8192126434835494E-001  +5.3387112568598460E-001
  -8.7008699110871135E-001  +5.5103518182161959E-001
  -8.5772861000027201E-001  +5.6622977256137863E-001
  -8.4485356524970712E-001  +5.7973527397136382E-001
  -8.3146961230254535E-001  +5.9180546036161552E-001
  -8.1758481315158360E-001  +6.0266631854218311E-001
  -8.0320753148064483E-001  +6.1251532003067066E-001
  -7.8834642762660623E-001  +6.2152195399010746E-001
  -7.7301045336273699E-001  +6.2983037250639262E-001
  -7.5720884650648457E-001  +6.3756086447283744E-001
  -7.4095112535495888E-001  +6.4481085125151028E-001
  -7.2424708295146678E-001  +6.5165781315525184E-001
  -7.0710678118654746E-001  +6.5816478699651371E-001
  -6.8954054473706694E-001  +6.6438497218227510E-001
  -6.7155895484701844E-001  +6.7036182185677651E-001
  -6.5317284295377653E-001  +6.7612976665569446E-001
  -6.3439328416364538E-001  +6.8171699792941076E-001
  -6.1523159058062671E-001  +6.8714717647868018E-001
  -5.9569930449243336E-001  +6.9243795493425697E-001
  -5.7580819141784534E-001  +6.9760014995675512E-001
  -5.5557023301960196E-001  +7.0264021011388855E-001
  -5.3499761988709704E-001  +7.0756317099447663E-001
  -5.1410274419322166E-001  +7.1237451177374878E-001
  -4.9289819222978398E-001  +7.1707763085181420E-001
  -4.7139673682599770E-001  +7.2167316707495710E-001
  -4.4961132965460671E-001  +7.2616195209551104E-001
  -4.2755509343028186E-001  +7.3054306287994042E-001
  -4.0524131400498975E-001  +7.3481097940226980E-001
  -3.8268343236508973E-001  +7.3895576810401620E-001
  -3.5989503653498817E-001  +7.4296591766124631E-001
  -3.3688985339221994E-001  +7.4683007968374815E-001
  -3.1368174039889141E-001  +7.5053641524544767E-001
  -2.9028467725446216E-001  +7.5407144530737724E-001
  -2.6671275747489831E-001  +7.5742070275344409E-001
  -2.4298017990326387E-001  +7.6056879083279172E-001
  -2.1910124015686966E-001  +7.6349734780560896E-001
  -1.9509032201612819E-001  +7.6618594037790733E-001
  -1.7096188876030124E-001  +7.6861452091582017E-001
  -1.4673047445536164E-001  +7.7076199980020865E-001
  -1.2241067519921615E-001  +7.7260545869198227E-001
  -9.8017140329560645E-002  +7.7412463784782481E-001
  -7.3564563599667329E-002  +7.7530471193261274E-001
  -4.9067674327418008E-002  +7.7613576606317691E-001
  -2.4541228522912142E-002  +7.7661257163866659E-001
  +6.1232339957367660E-017  +7.7673414945257768E-001
  +2.4541228522912264E-002  +7.7650330828507663E-001
  +4.9067674327418126E-002  +7.7592615671166199E-001
  +7.3564563599667454E-002  +7.7501083460382558E-001
  +9.8017140329560770E-002  +7.7376656212824335E-001
  +1.2241067519921628E-001  +7.7220437351301952E-001
  +1.4673047445536175E-001  +7.7033741987486748E-001
  +1.7096188876030136E-001  +7.6818025684852242E-001
  +1.9509032201612833E-001  +7.6574885966813555E-001
  +2.1910124015686977E-001  +7.6306113093969918E-001
  +2.4298017990326398E-001  +7.6013771884323145E-001
  +2.6671275747489842E-001  +7.5700115747308383E-001
  +2.9028467725446233E-001  +7.5367389318679434E-001
  +3.1368174039889157E-001  +7.5017458214824650E-001
  +3.3688985339222005E-001  +7.4651569015544628E-001
  +3.5989503653498828E-001  +7.4270546348768951E-001
  +3.8268343236508984E-001  +7.3874982614946638E-001
  +4.0524131400498986E-001  +7.3465324101994955E-001
  +4.2755509343028220E-001  +7.3041961358083241E-001
  +4.4961132965460660E-001  +7.2605147083165822E-001
  +4.7139673682599781E-001  +7.2155103037100632E-001
  +4.9289819222978409E-001  +7.1692074389996063E-001
  +5.1410274419322166E-001  +7.1216248526956683E-001
  +5.3499761988709726E-001  +7.0727770442240578E-001
  +5.5557023301960229E-001  +7.0226699921200764E-001
  +5.7580819141784534E-001  +6.9713010697639854E-001
  +5.9569930449243347E-001  +6.9186595465070477E-001
  +6.1523159058062682E-001  +6.8647183068385687E-001
  +6.3439328416364549E-001  +6.8093877080232323E-001
  +6.5317284295377676E-001  +6.7524857076662403E-001
  +6.7155895484701833E-001  +6.6937653990761081E-001
  +6.8954054473706694E-001  +6.6329382396584535E-001
  +7.0710678118654757E-001  +6.5696691170125410E-001
  +7.2424708295146700E-001  +6.5035637400504731E-001
  +7.4095112535495911E-001  +6.4341511092601433E-001
  +7.5720884650648457E-001  +6.3608472620075684E-001
  +7.7301045336273699E-001  +6.2828807722488322E-001
  +7.8834642762660634E-001  +6.1992531872041468E-001
  +8.0320753148064494E-001  +6.1087465685877851E-001
  +8.1758481315158371E-001  +6.0099327181935192E-001
  +8.3146961230254524E-001  +5.9011551028981446E-001
  +8.4485356524970712E-001  +5.7804891942465253E-001
  +8.5772861000027212E-001  +5.6457008624921812E-001
  +8.7008699110871146E-001  +5.4942286690634801E-001
  +8.8192126434835505E-001  +5.3232064942775736E-001
  +8.9322430119551532E-001  +5.1295506767830401E-001
  +9.0398929312344334E-001  +4.9101304771392651E-001
  +9.1420975570353069E-001  +4.6620506745504975E-001
  +9.2387953251128674E-001  +4.3830887368334576E-001
  +9.3299279883473896E-001  +4.0723002522744323E-001
  +9.4154406518302081E-001  +3.7307484498876048E-001
  +9.4952818059303667E-001  +3.3622044041664356E-001
  +9.5694033573220882E-001  +2.9735434107181230E-001
  +9.6377606579543984E-001  +2.5745314117551588E-001
  +9.7003125319454397E-001  +2.1768533798361367E-001
  +9.7570213003852857E-001  +1.7925620057698100E-001
  +9.8078528040323043E-001  +1.4324501395797570E-001
  +9.8527764238894122E-001  +1.1049282289132047E-001
  +9.8917650996478101E-001  +8.1572282976630536E-002
  +9.9247953459870997E-001  +5.6828100668839816E-002
  +9.9518472667219693E-001  +3.6448861969867886E-002
  +9.9729045667869021E-001  +2.0533462830113227E-002
  +9.9879545620517241E-001  +9.1353433161610736E-003
  +9.9969881869620425E-001  +2.2852177902656424E-003
  +1.0000000000000000E+000  +3.9382548824950287E-017
